passed = [[0,0,0,0,0,0,],[0,1,0,0,0,0,],[0,0,0,0,0,0,],[0,0,0,0,0,0,],[0,0,0,0,0,0,],[0,0,0,0,0,0,],] (L812) 
passed = [[0,0,0,0,0,0,],[0,1,0,0,0,0,],[0,0,0,0,0,0,],[0,0,0,0,0,0,],[0,0,0,0,0,0,],[0,0,0,0,0,0,],] (L812) 
passed = [[0,0,0,0,0,0,],[0,1,0,0,0,0,],[0,1,0,0,0,0,],[0,1,0,0,0,0,],[0,1,0,0,0,0,],[0,0,0,0,0,0,],] (L812) 
passed = [[0,0,0,0,0,0,],[0,1,1,1,1,0,],[0,1,0,0,0,0,],[0,1,0,0,0,0,],[0,1,0,0,0,0,],[0,0,0,0,0,0,],] (L812) 
passed = [[0,0,0,0,0,0,],[0,1,1,1,1,0,],[0,1,0,0,0,0,],[0,1,0,0,0,0,],[0,1,0,0,0,0,],[0,0,0,0,0,0,],] (L812) 
passed = [[0,0,0,0,0,0,],[0,1,1,1,1,0,],[0,1,0,0,0,0,],[0,1,0,0,0,0,],[0,1,0,0,0,0,],[0,0,0,0,0,0,],] (L812) 
passed = [[0,0,0,0,0,0,],[0,1,1,1,1,0,],[0,1,0,0,0,0,],[0,1,0,0,0,0,],[0,1,0,0,0,0,],[0,0,0,0,0,0,],] (L812) 
passed = [[0,0,0,0,0,0,],[0,1,1,1,1,0,],[0,1,0,0,0,0,],[0,1,0,0,0,0,],[0,1,1,1,1,0,],[0,0,0,0,0,0,],] (L812) 
passed = [[0,0,0,0,0,0,],[0,1,1,1,1,0,],[0,1,0,0,0,0,],[0,1,0,0,0,0,],[0,1,1,1,1,0,],[0,0,0,0,0,0,],] (L812) 
passed = [[0,0,0,0,0,0,],[0,1,1,1,1,0,],[0,1,0,0,0,0,],[0,1,0,0,0,0,],[0,1,1,1,1,0,],[0,0,0,0,0,0,],] (L812) 
passed = [[0,0,0,0,0,0,],[0,1,1,1,1,0,],[0,1,0,0,1,0,],[0,1,0,0,1,0,],[0,1,1,1,1,0,],[0,0,0,0,0,0,],] (L812) 
passed = [[0,0,0,0,0,0,],[0,1,1,1,1,0,],[0,1,0,0,1,0,],[0,1,0,0,1,0,],[0,1,1,1,1,0,],[0,0,0,0,0,0,],] (L812) 
passed = [[0,0,0,0,0,0,],[0,1,1,1,1,0,],[0,1,0,0,1,0,],[0,1,0,0,1,0,],[0,1,1,1,1,0,],[0,0,0,0,0,0,],] (L812) 
passed = [[0,0,0,0,0,0,],[0,1,1,1,1,0,],[0,1,0,0,1,0,],[0,1,0,0,1,0,],[0,1,1,1,1,0,],[0,0,0,0,0,0,],] (L812) 
passed = [[0,0,0,0,0,0,],[0,1,1,1,1,0,],[0,1,0,0,1,0,],[0,1,0,0,1,0,],[0,1,1,1,1,0,],[0,0,0,0,0,0,],] (L812) 
passed = [[0,0,0,0,0,0,],[0,1,1,1,1,0,],[0,1,0,0,1,0,],[0,1,0,0,1,0,],[0,1,1,1,1,0,],[0,0,0,0,0,0,],] (L812) 